param m := 180;

param y :=
1 -1
2 1
3 -1
4 -1
5 1
6 1
7 1
8 1
9 -1
10 1
11 1
12 -1
13 1
14 -1
15 1
16 -1
17 1
18 1
19 1
20 1
21 1
22 1
23 -1
24 1
25 1
26 -1
27 -1
28 -1
29 1
30 -1
31 -1
32 1
33 1
34 1
35 1
36 1
37 1
38 1
39 1
40 1
41 1
42 1
43 1
44 1
45 -1
46 -1
47 -1
48 1
49 -1
50 -1
51 -1
52 -1
53 -1
54 -1
55 1
56 1
57 -1
58 1
59 -1
60 -1
61 -1
62 -1
63 1
64 -1
65 -1
66 1
67 -1
68 -1
69 -1
70 1
71 -1
72 1
73 1
74 -1
75 -1
76 1
77 1
78 1
79 1
80 1
81 -1
82 -1
83 -1
84 1
85 1
86 1
87 1
88 -1
89 1
90 1
91 -1
92 1
93 1
94 -1
95 -1
96 -1
97 -1
98 -1
99 1
100 -1
101 -1
102 -1
103 -1
104 -1
105 -1
106 -1
107 -1
108 -1
109 -1
110 1
111 1
112 -1
113 -1
114 1
115 1
116 -1
117 1
118 1
119 1
120 1
121 1
122 1
123 1
124 1
125 1
126 -1
127 -1
128 1
129 1
130 -1
131 1
132 -1
133 -1
134 -1
135 -1
136 1
137 -1
138 1
139 1
140 -1
141 -1
142 1
143 1
144 -1
145 -1
146 1
147 -1
148 1
149 -1
150 -1
151 -1
152 -1
153 -1
154 1
155 -1
156 -1
157 1
158 1
159 -1
160 1
161 -1
162 1
163 -1
164 -1
165 1
166 1
167 -1
168 -1
169 1
170 -1
171 1
172 1
173 1
174 -1
175 -1
176 -1
177 -1
178 -1
179 1
180 -1
;

param K : 1 2 3 4 5 6 7 8 9 10 11 12 13 14 15 16 17 18 19 20 21 22 23 24 25 26 27 28 29 30 31 32 33 34 35 36 37 38 39 40 41 42 43 44 45 46 47 48 49 50 51 52 53 54 55 56 57 58 59 60 61 62 63 64 65 66 67 68 69 70 71 72 73 74 75 76 77 78 79 80 81 82 83 84 85 86 87 88 89 90 91 92 93 94 95 96 97 98 99 100 101 102 103 104 105 106 107 108 109 110 111 112 113 114 115 116 117 118 119 120 121 122 123 124 125 126 127 128 129 130 131 132 133 134 135 136 137 138 139 140 141 142 143 144 145 146 147 148 149 150 151 152 153 154 155 156 157 158 159 160 161 162 163 164 165 166 167 168 169 170 171 172 173 174 175 176 177 178 179 180 :=
1 0.765554 0.942928 0.541625 0.671344 0.637408 1.029436 1.321779 1.104787 0.438367 1.127983 1.173081 0.646282 1.042808 0.601975 0.542030 0.450209 0.752792 0.756619 0.657764 0.821819 0.949017 0.827237 0.625400 0.722554 0.931506 0.704755 0.548244 0.403513 0.953527 0.496105 0.875682 0.513350 0.696201 0.613466 0.604009 0.905207 0.806762 1.115186 0.888269 1.135846 0.811321 1.005933 0.887220 0.487803 0.593052 0.748800 0.425324 1.208020 0.675380 0.661116 0.499301 0.428259 0.317788 0.696047 1.055017 1.116995 0.913986 1.132506 0.409985 0.354848 0.581512 0.743054 1.046620 0.347740 0.869251 0.983111 0.580904 0.974949 0.495693 1.027909 0.901605 0.810198 0.898061 0.658412 0.287463 0.581857 1.003200 0.606558 1.002136 0.731210 0.284856 0.543259 0.516366 0.792043 0.788378 1.254558 1.163571 0.624316 0.786966 1.232945 0.643531 0.871774 0.869170 0.568917 0.473608 0.505403 0.496445 0.750266 0.745448 0.502908 0.264926 0.482941 0.271958 0.801039 0.835625 0.732104 0.674977 0.504313 0.882130 0.603638 0.944122 0.681187 0.607322 1.101831 0.694132 0.507376 0.687580 0.957306 1.164843 1.026378 0.879964 1.012254 0.530681 0.811650 1.074716 0.483002 0.473416 0.745110 0.844428 0.745227 0.693182 0.393824 0.541197 0.630602 0.228785 1.110730 0.536488 0.945007 0.383052 0.603747 0.509528 1.130572 0.902758 0.660963 0.618317 1.166660 0.684282 1.061962 0.390977 0.844206 0.489798 0.611045 0.597234 0.943285 0.594222 0.742716 1.136473 0.889434 0.882524 0.969644 0.797333 0.772978 0.465931 0.331229 1.063701 0.945884 0.993955 0.927234 1.109454 0.631454 0.956584 0.762436 0.690940 0.403934 0.627404 0.540716 0.767322 0.684100 0.850655 0.741157
2 0.942928 1.305969 0.894379 0.889178 0.933997 1.386971 1.678586 1.232856 0.765087 1.502058 1.565756 0.731825 1.367325 0.951215 1.047597 0.790447 1.085886 1.320742 1.013920 1.106969 1.324587 1.159743 0.699671 1.119101 1.332219 1.028864 0.793680 0.652906 1.136444 0.810195 1.096129 0.703824 1.146762 1.071810 0.949112 1.269792 1.192058 1.464259 1.420502 1.375179 1.168682 1.457800 1.226826 0.727832 0.654219 1.074912 0.519952 1.774810 0.963148 1.019366 0.708595 0.816623 0.577120 1.091893 1.478340 1.555305 1.223451 1.592943 0.448051 0.744405 0.750464 0.822766 1.512123 0.498834 1.156157 1.264958 0.869175 1.224888 0.858731 1.438226 1.315059 1.248695 1.389950 0.867851 0.341255 0.920575 1.495691 0.755192 1.372817 1.070679 0.407646 0.635050 0.687284 0.980597 1.195688 1.650141 1.661092 0.707259 1.188911 1.631303 0.684558 1.330246 1.206784 0.843796 0.687270 0.764933 0.551933 1.172724 1.129497 0.698244 0.606050 0.740147 0.534805 0.971074 1.063022 0.958807 0.929699 0.709618 1.242676 0.707027 1.220883 1.053293 0.953666 1.386425 1.128260 0.723354 0.898029 1.346891 1.546564 1.472888 1.232738 1.379009 0.667575 1.118633 1.302352 0.743664 0.674317 1.166057 1.079955 1.147079 0.952851 0.501545 0.716290 0.990354 0.401287 1.442806 0.793809 1.199075 0.510667 0.644631 0.733080 1.402156 1.416333 0.990003 0.825384 1.482458 0.803713 1.529892 0.570005 1.291094 0.835265 0.914146 0.845393 1.400740 0.736169 0.871246 1.531716 1.333093 1.058811 1.199707 1.047689 1.274712 0.635112 0.520776 1.382415 1.300357 1.250250 1.082966 1.514995 0.761598 1.128726 1.089446 0.919119 0.740823 0.948985 0.927241 1.113701 0.984645 1.390661 1.017966
3 0.541625 0.894379 0.838070 0.592553 0.740921 1.068538 1.157217 0.625566 0.722005 1.208693 1.168787 0.558170 0.859612 0.823532 1.181016 0.790270 0.879715 1.220868 1.023028 0.957101 0.903973 0.892132 0.387785 0.907049 1.122457 0.906269 0.579780 0.522619 0.649574 0.676440 0.728333 0.661531 1.080916 1.100590 0.979850 0.802926 0.895744 1.049592 1.158000 0.778058 1.134478 1.207971 0.835517 0.721978 0.505769 0.804752 0.271068 1.379929 0.609015 0.999774 0.700416 0.951103 0.524485 1.011489 1.072150 1.302928 0.740816 1.143737 0.217784 0.901304 0.432652 0.420890 1.343503 0.496364 0.798978 0.805038 0.711407 0.788221 0.839435 1.062724 0.929860 1.239011 1.011788 0.507372 0.231286 0.917094 1.195308 0.640653 1.049460 0.828002 0.420636 0.368018 0.432174 0.640281 0.939179 1.199822 1.330674 0.460100 0.903698 1.126651 0.370293 1.255108 0.834616 0.825755 0.603111 0.599484 0.331619 0.840263 0.971302 0.670815 0.712531 0.473530 0.520449 0.787044 0.811259 0.695052 0.714215 0.408826 1.157262 0.297124 0.917657 0.750477 0.746745 0.911493 0.889146 0.520263 0.857546 0.883627 1.116991 1.115397 0.805497 1.120205 0.603095 0.856943 0.852810 0.793372 0.534327 0.972824 0.777698 0.873427 0.554842 0.235661 0.693850 0.818359 0.443474 1.133980 0.710161 0.834521 0.400766 0.284075 0.601678 0.911807 1.090444 0.704725 0.662443 0.984358 0.388533 1.119030 0.473273 0.967591 0.771761 0.685551 0.628983 1.294384 0.393005 0.664800 1.045650 1.080467 0.548496 0.770075 0.858385 1.073111 0.438257 0.415430 0.880115 0.813317 0.719920 0.607558 1.185246 0.496769 0.782795 0.762206 0.722415 0.823325 0.745556 0.865233 0.727695 0.618752 1.182693 0.788465
4 0.671344 0.889178 0.592553 1.208671 1.308649 1.278452 1.326174 1.154831 1.010620 1.220339 1.169989 0.937436 1.491329 0.501610 1.003408 0.727776 1.212825 1.141600 1.009208 0.947459 0.719191 0.693123 0.739531 1.029311 1.063936 0.484288 0.590229 0.624796 1.156215 0.664928 0.818001 0.538148 1.123240 1.137644 1.148470 1.495855 1.122052 1.643852 1.130148 1.650778 1.333885 1.253330 1.355871 1.150588 0.663589 0.751775 0.418481 1.614371 0.675554 0.722861 0.822764 0.653345 0.661937 0.685504 1.493868 1.449117 0.859059 1.107217 0.533414 0.784264 0.937939 0.863806 1.606130 0.712632 0.732930 1.458166 1.144852 0.807838 0.923221 1.126923 1.032906 1.351512 1.042535 1.077323 0.262682 0.938405 0.991860 1.216415 1.486130 1.132052 0.352755 0.881267 0.943262 1.283776 0.989262 1.182474 1.403517 0.999931 1.202373 0.951564 0.721801 1.278774 1.246408 0.436292 1.091797 0.337395 0.663551 1.009525 1.034935 0.827355 0.743720 0.787502 0.757827 0.780576 1.004524 1.107680 0.818486 0.797661 1.295835 0.573772 1.125294 0.855723 0.984700 0.995266 1.114842 0.939979 0.923084 1.100323 0.936413 1.277532 1.164664 1.018887 1.326038 1.149496 0.940595 1.086057 0.727725 1.075813 1.490690 0.955655 0.908067 0.386522 0.864299 0.921230 0.901348 1.093484 0.985935 0.980578 0.627625 0.664155 0.608432 1.250872 1.330907 0.820578 0.799331 1.217505 0.708612 1.173039 0.631858 0.784530 1.082742 0.532360 1.127924 1.390906 0.503705 0.717112 0.941997 1.374986 0.779223 1.235237 0.666495 1.146923 0.592885 0.625387 1.722110 1.253706 0.926450 0.866562 1.093273 0.878499 0.909680 0.628503 1.301498 0.507177 0.864782 0.932169 1.122940 0.710731 1.104295 0.947513
5 0.637408 0.933997 0.740921 1.308649 1.487762 1.403351 1.367611 1.079446 1.222350 1.344070 1.254176 0.996887 1.570056 0.606958 1.328135 0.917082 1.377895 1.411307 1.233068 1.072177 0.740209 0.756619 0.720762 1.189658 1.216675 0.573007 0.647283 0.727043 1.151646 0.787306 0.823604 0.630060 1.367449 1.424808 1.399885 1.612634 1.257180 1.779677 1.322381 1.686303 1.579372 1.431919 1.471005 1.362173 0.687544 0.826253 0.395999 1.820433 0.702428 0.896013 0.974882 0.895917 0.805569 0.842824 1.640531 1.642621 0.859002 1.190482 0.515684 1.059029 0.981241 0.825742 1.865227 0.841670 0.753012 1.538109 1.313537 0.791455 1.138787 1.228542 1.127652 1.635703 1.168102 1.134544 0.261018 1.147161 1.129447 1.360737 1.645775 1.276677 0.429879 0.910116 1.014060 1.361116 1.127630 1.245441 1.580660 1.043952 1.359988 0.965072 0.687024 1.532530 1.352870 0.546649 1.260123 0.382331 0.667843 1.132727 1.208618 0.968535 0.985234 0.863684 0.932850 0.831683 1.081959 1.203023 0.902162 0.844396 1.514383 0.509025 1.211741 0.954549 1.131390 0.995714 1.293138 1.044105 1.065697 1.166024 0.972550 1.419532 1.244896 1.131034 1.504686 1.273349 0.924305 1.314697 0.820018 1.256042 1.623257 1.084503 0.942682 0.360313 1.002898 1.073616 1.088662 1.180488 1.149584 1.017340 0.697134 0.607995 0.691596 1.276502 1.523080 0.907056 0.885954 1.248197 0.661301 1.286483 0.723468 0.879964 1.300663 0.591259 1.259265 1.644773 0.465480 0.741354 0.966254 1.575655 0.714940 1.276604 0.726995 1.360165 0.635958 0.720944 1.832570 1.322265 0.896005 0.816646 1.198260 0.914539 0.913780 0.664995 1.451191 0.695014 0.985463 1.139250 1.217045 0.742410 1.316757 1.047886
6 1.029436 1.386971 1.068538 1.278452 1.403351 1.868723 2.100741 1.566509 1.123574 2.043317 1.939881 1.311035 1.727689 1.023704 1.517191 1.062994 1.527652 1.601435 1.572436 1.608640 1.296660 1.307470 0.975937 1.360565 1.741887 1.206251 0.872280 0.760835 1.469501 0.921050 1.332369 1.050580 1.563921 1.565020 1.583099 1.542481 1.431424 2.059897 1.592209 1.856609 1.936145 1.894437 1.558296 1.353585 1.125081 1.198668 0.557440 2.184608 0.919186 1.392930 1.213822 1.174482 0.742670 1.336804 1.876295 2.183626 1.229949 1.746015 0.628570 1.145293 0.968252 1.108132 2.256737 0.918446 1.279070 1.687867 1.277689 1.391193 1.205772 1.694585 1.414158 1.960227 1.405021 1.098811 0.454572 1.391318 1.675803 1.453500 1.914689 1.394977 0.659514 0.966191 0.949746 1.467416 1.386784 2.008131 2.113257 1.196843 1.449633 1.775248 1.002677 1.929848 1.501070 1.112097 1.190852 0.740014 0.853654 1.215904 1.484953 1.197318 0.906622 0.777434 0.766513 1.465971 1.524727 1.379503 1.200908 0.781313 1.963826 0.705037 1.685735 1.074860 1.158022 1.640016 1.305572 0.998504 1.542005 1.435071 1.763895 1.785060 1.394660 1.795053 1.453000 1.522497 1.616284 1.389922 0.930083 1.444767 1.706211 1.271442 1.007941 0.459007 1.294005 1.214866 0.867202 1.937252 1.237595 1.530362 0.784911 0.837162 0.940516 1.797506 1.628579 1.058046 1.181449 1.821742 0.900357 1.711274 0.808186 1.273890 1.214217 0.917239 1.220697 2.063903 0.742893 1.310082 1.631507 1.751205 1.125859 1.609909 1.376398 1.497476 0.773783 0.686467 1.888140 1.464943 1.344215 1.302768 1.887237 1.111834 1.561352 1.076834 1.502933 0.995131 1.143877 1.220023 1.240917 0.931589 1.592488 1.354067
7 1.321779 1.678586 1.157217 1.326174 1.367611 2.100741 2.531146 1.974386 1.022597 2.354759 2.296759 1.458981 1.924450 1.186086 1.425271 1.048908 1.589830 1.609399 1.612344 1.810994 1.640034 1.580569 1.178975 1.437063 1.951566 1.452894 1.007733 0.780244 1.748898 0.972314 1.641833 1.186765 1.569861 1.502266 1.546335 1.627750 1.546052 2.248869 1.712789 2.101265 1.986732 2.084540 1.677486 1.270579 1.324905 1.401855 0.708657 2.376910 1.110453 1.521901 1.247154 1.145896 0.684598 1.492203 2.044637 2.396395 1.530876 2.074587 0.751656 1.024981 1.051479 1.358016 2.360900 0.897866 1.588062 1.864427 1.252918 1.766514 1.158202 1.957044 1.616676 1.977856 1.576988 1.182710 0.563296 1.405945 1.932091 1.467250 2.061423 1.466155 0.711669 1.061956 0.982570 1.587687 1.519691 2.419407 2.356976 1.315070 1.520584 2.242601 1.234277 2.008834 1.640350 1.289546 1.127726 0.914945 0.991646 1.315066 1.577062 1.237110 0.753827 0.807054 0.644895 1.742159 1.742648 1.495371 1.352859 0.840784 2.076403 0.938189 1.929452 1.186854 1.183625 2.037901 1.326012 1.009328 1.677023 1.667251 2.190257 1.988875 1.563795 2.087395 1.382503 1.655458 2.028633 1.313803 0.982909 1.514320 1.783971 1.387042 1.152682 0.594620 1.355450 1.269793 0.698460 2.288884 1.236053 1.828275 0.826910 1.060710 1.046662 2.143387 1.707806 1.179387 1.312453 2.189045 1.144124 1.966919 0.837491 1.497685 1.122286 1.096080 1.227838 2.160625 0.975181 1.579082 2.034890 1.826636 1.472470 1.859091 1.659080 1.539788 0.874679 0.673324 2.031639 1.655364 1.699505 1.659028 2.215748 1.257376 1.913693 1.328943 1.528352 1.012363 1.227135 1.195587 1.344490 1.114844 1.689686 1.506839
8 1.104787 1.232856 0.625566 1.154831 1.079446 1.566509 1.974386 1.819633 0.663955 1.689086 1.677872 1.223377 1.641441 0.663098 0.665951 0.570582 1.174013 0.898593 0.995272 1.261933 1.156213 1.065188 1.073768 0.970576 1.312570 0.853892 0.711636 0.521618 1.555425 0.601228 1.295912 0.770985 0.952651 0.852762 0.986831 1.388669 1.123380 1.821041 1.082279 1.926711 1.349649 1.425308 1.365511 0.922353 1.071384 0.970532 0.626804 1.687747 0.840335 0.874212 0.849776 0.496445 0.416701 0.844077 1.574879 1.695584 1.215973 1.482354 0.726732 0.438129 0.959256 1.268830 1.642698 0.641266 1.171634 1.605847 0.949002 1.386190 0.683687 1.415443 1.169564 1.260900 1.070575 1.068819 0.450860 0.863882 1.246979 1.212255 1.586217 1.085783 0.441294 0.993591 0.879024 1.397233 1.028973 1.788493 1.646665 1.188267 1.106535 1.638859 1.137062 1.279920 1.303490 0.721200 0.880265 0.544376 0.897313 0.927993 1.045711 0.867747 0.321347 0.650234 0.391612 1.296577 1.341014 1.213079 0.990955 0.741285 1.423840 0.899361 1.478914 0.832793 0.835333 1.603381 0.900842 0.825917 1.175351 1.285416 1.574254 1.433135 1.248175 1.447932 1.168631 1.254854 1.620842 0.884234 0.731500 1.000943 1.516901 0.947417 0.979283 0.540898 0.970945 0.843675 0.515938 1.659196 0.883346 1.428803 0.652909 1.033513 0.716478 1.760503 1.183983 0.848243 0.973872 1.745608 1.058476 1.401024 0.606791 0.961315 0.742620 0.709866 0.997014 1.427357 0.833164 1.222962 1.492503 1.297062 1.293351 1.574058 1.141507 0.967325 0.685140 0.492411 1.775063 1.363250 1.419345 1.438438 1.555599 1.084993 1.530689 0.920772 1.247566 0.445810 0.852933 0.712726 1.076218 0.847329 1.023109 1.113716
9 0.438367 0.765087 0.722005 1.010620 1.222350 1.123574 1.022597 0.663955 1.090647 1.079072 1.000296 0.704062 1.198051 0.597178 1.305596 0.870434 1.144288 1.342568 1.095524 0.875900 0.622592 0.646933 0.466172 1.046296 1.040339 0.540151 0.552075 0.649549 0.796771 0.725944 0.599930 0.532969 1.245704 1.321414 1.227076 1.283891 1.065468 1.379592 1.208800 1.202384 1.333517 1.223455 1.172440 1.137790 0.461578 0.706861 0.269031 1.548424 0.583359 0.833345 0.817668 0.910732 0.740782 0.803679 1.333098 1.359703 0.664357 0.995158 0.327562 1.050684 0.735725 0.519760 1.571979 0.698468 0.593412 1.160464 1.096497 0.570473 1.046628 1.016657 0.957914 1.435761 1.043789 0.863305 0.178816 1.026665 1.011476 1.040936 1.321710 1.068390 0.374565 0.642051 0.781220 1.007031 0.989735 0.975700 1.333657 0.730241 1.160217 0.757113 0.414754 1.351246 1.085944 0.522029 1.031536 0.371869 0.445346 0.997680 1.057387 0.799842 0.966261 0.727376 0.853308 0.610888 0.826541 0.931944 0.735643 0.669025 1.267787 0.311436 0.936221 0.841188 0.984763 0.726737 1.151124 0.844162 0.856262 0.951178 0.772860 1.190807 1.003335 0.932460 1.162011 1.029357 0.641055 1.124599 0.676508 1.113483 1.238488 0.956458 0.739387 0.252413 0.807771 0.951571 0.926458 0.925096 0.967416 0.762037 0.550001 0.352558 0.589474 0.926937 1.338345 0.781097 0.707050 0.928869 0.426859 1.089919 0.606005 0.808207 1.152981 0.536973 1.016249 1.421674 0.315810 0.518272 0.772561 1.344431 0.463625 0.931192 0.584772 1.242962 0.506018 0.618423 1.393447 1.045237 0.637890 0.526720 0.985561 0.659208 0.628157 0.572959 1.139635 0.717066 0.853618 1.049910 1.000073 0.619661 1.223536 0.850862
10 1.127983 1.502058 1.208693 1.220339 1.344070 2.043317 2.354759 1.689086 1.079072 2.339341 2.192201 1.467183 1.705743 1.182881 1.648261 1.137095 1.573417 1.663808 1.763956 1.859256 1.449662 1.507711 1.049516 1.395222 1.960358 1.480205 0.927078 0.744381 1.534114 0.948473 1.504122 1.261221 1.654064 1.654560 1.711364 1.410910 1.449886 2.134899 1.650272 1.835973 2.143840 2.073711 1.524647 1.387060 1.338108 1.311286 0.578934 2.277043 0.927309 1.638274 1.356993 1.345688 0.700945 1.554938 1.911520 2.416501 1.287113 1.902804 0.645701 1.232769 0.902242 1.175740 2.444304 0.981254 1.448465 1.679946 1.244712 1.584245 1.242884 1.835694 1.454041 2.148808 1.411530 1.011601 0.529943 1.528209 1.860899 1.522897 1.998421 1.407733 0.786504 0.957740 0.876310 1.474842 1.449337 2.284283 2.307490 1.252617 1.430863 2.044542 1.109941 2.128802 1.497756 1.386359 1.169653 0.859505 0.916938 1.164735 1.591829 1.331703 0.898559 0.667763 0.688822 1.761652 1.708241 1.429575 1.306098 0.680972 2.200816 0.704527 1.870682 1.048796 1.124337 1.851486 1.251182 0.943909 1.803247 1.450090 2.047369 1.884611 1.368429 2.071726 1.471894 1.602110 1.864116 1.476130 0.962872 1.493795 1.719697 1.290488 0.943735 0.439464 1.466896 1.244559 0.799555 2.255854 1.284526 1.710908 0.818995 0.882632 1.036434 1.959025 1.598607 1.056616 1.306017 1.999734 0.926608 1.815696 0.837914 1.367139 1.171888 1.007873 1.173142 2.271858 0.794442 1.567118 1.831950 1.791386 1.208325 1.698146 1.660128 1.511119 0.799587 0.650706 1.830826 1.422516 1.438140 1.442520 2.154815 1.170995 1.823119 1.184662 1.521188 1.159616 1.174589 1.248754 1.160802 0.922527 1.667244 1.463965
11 1.173081 1.565756 1.168787 1.169989 1.254176 1.939881 2.296759 1.677872 1.000296 2.192201 2.131437 1.280295 1.708851 1.188211 1.486057 1.062121 1.481807 1.627538 1.569956 1.698268 1.547942 1.504577 1.006286 1.382244 1.858688 1.426909 0.953634 0.757205 1.515356 0.959831 1.482920 1.131795 1.548710 1.505952 1.496374 1.458664 1.454906 2.025215 1.679910 1.805325 1.882606 1.981335 1.519497 1.187370 1.172654 1.330714 0.617570 2.246029 1.034255 1.505402 1.178855 1.204592 0.684331 1.486170 1.882594 2.247803 1.394409 1.950746 0.626459 1.086337 0.912238 1.147572 2.229506 0.839542 1.471391 1.646072 1.164346 1.599497 1.153728 1.831808 1.523583 1.913254 1.521868 1.032229 0.503669 1.374415 1.870123 1.303679 1.891077 1.369821 0.687156 0.902134 0.860486 1.385170 1.458615 2.235435 2.226548 1.126797 1.434043 2.081718 1.043937 1.944582 1.496840 1.277271 1.033539 0.903831 0.847726 1.259689 1.516141 1.159413 0.807517 0.746541 0.648268 1.591166 1.585673 1.345295 1.258506 0.747714 1.960740 0.791291 1.761004 1.136912 1.129787 1.843710 1.283690 0.915147 1.563587 1.539780 2.041137 1.868149 1.429027 1.964236 1.220190 1.526028 1.819292 1.252274 0.913398 1.464291 1.577821 1.332800 1.033547 0.517078 1.258086 1.227381 0.656781 2.120242 1.162096 1.657732 0.750379 0.879072 0.993990 1.911707 1.638575 1.117200 1.211445 1.974846 0.977138 1.855924 0.784958 1.460113 1.091194 1.063017 1.113860 2.069744 0.860864 1.422742 1.892020 1.727976 1.283009 1.642448 1.558008 1.516049 0.799623 0.636304 1.787554 1.496122 1.512830 1.446208 2.080915 1.100873 1.710185 1.263062 1.372982 1.060502 1.169813 1.190020 1.234032 1.038843 1.674248 1.397693
12 0.646282 0.731825 0.558170 0.937436 0.996887 1.311035 1.458981 1.223377 0.704062 1.467183 1.280295 1.208607 1.155535 0.476282 0.899543 0.611984 1.049108 0.799269 1.135780 1.205702 0.598958 0.745622 0.803437 0.757869 1.142033 0.701519 0.456930 0.379687 1.093609 0.441964 0.915221 0.797926 0.954911 0.988564 1.188281 0.923693 0.818316 1.511361 0.764695 1.396385 1.515613 1.216517 0.999584 1.105751 1.042401 0.650410 0.343362 1.298792 0.381804 0.908168 0.978240 0.702768 0.384962 0.760052 1.196313 1.549754 0.622019 0.946227 0.525320 0.695017 0.663274 0.900160 1.635215 0.762646 0.752108 1.201325 0.882211 0.895445 0.731718 1.009365 0.706324 1.424513 0.577025 0.726069 0.351618 0.966958 0.880767 1.308632 1.355785 0.879629 0.515472 0.800907 0.670718 1.162848 0.742878 1.321619 1.344225 1.069781 0.823703 1.032800 0.880275 1.324632 0.942346 0.727189 0.940788 0.296962 0.743564 0.513076 0.928911 0.975282 0.502768 0.338276 0.430921 1.210821 1.171339 1.030443 0.797688 0.409797 1.511216 0.421029 1.244965 0.447842 0.630068 1.094188 0.638996 0.672228 1.304229 0.736427 1.080537 1.067346 0.776934 1.222565 1.360916 1.053303 1.166430 1.128728 0.634007 0.817881 1.368919 0.623412 0.519911 0.211865 1.111341 0.675904 0.716656 1.406216 0.908343 1.080614 0.606633 0.685748 0.600400 1.293416 0.822593 0.503482 0.875611 1.240940 0.604815 0.923504 0.555226 0.514144 0.764183 0.398435 0.859415 1.459177 0.421705 1.101922 0.899711 1.095655 0.706717 1.195457 0.978752 0.746724 0.486077 0.410683 1.353352 0.827121 0.807005 0.943396 1.229563 0.888366 1.243062 0.486796 1.203715 0.563871 0.644285 0.690271 0.646003 0.372335 0.775022 0.924597
13 1.042808 1.367325 0.859612 1.491329 1.570056 1.727689 1.924450 1.641441 1.198051 1.705743 1.708851 1.155535 1.968932 0.814277 1.237383 0.934191 1.536031 1.519500 1.265632 1.283304 1.219358 1.098610 1.000144 1.379530 1.482029 0.822926 0.866973 0.828972 1.577565 0.919347 1.219928 0.742268 1.435364 1.397774 1.366412 1.929297 1.512358 2.116453 1.586684 2.143003 1.628321 1.709340 1.765401 1.304574 0.870446 1.125007 0.627049 2.187293 1.040386 1.011431 0.996775 0.837560 0.816677 1.017761 1.980518 1.923046 1.331460 1.674218 0.703945 0.927939 1.201379 1.180316 2.030403 0.823742 1.158591 1.891210 1.387857 1.272320 1.142268 1.620663 1.495509 1.664473 1.527351 1.380600 0.385973 1.172660 1.494793 1.404167 1.915633 1.466465 0.457509 1.096883 1.168070 1.603049 1.380326 1.763097 1.937555 1.224952 1.582258 1.558847 0.979465 1.642516 1.652628 0.688434 1.258243 0.611168 0.855828 1.412001 1.373526 1.002819 0.858174 1.045201 0.880446 1.093640 1.349080 1.412569 1.123165 1.053769 1.631947 0.876541 1.527059 1.222380 1.281826 1.509375 1.468710 1.162837 1.161327 1.589592 1.496127 1.766044 1.600970 1.469590 1.462265 1.503807 1.424083 1.235221 0.933700 1.432896 1.816447 1.337798 1.263196 0.596061 1.041567 1.226060 0.952811 1.573346 1.196090 1.403189 0.778702 0.925626 0.841040 1.754376 1.787586 1.164141 1.056413 1.752503 1.034507 1.703327 0.798751 1.241764 1.293493 0.857816 1.380371 1.777908 0.803456 1.007986 1.511687 1.780533 1.210660 1.655830 1.015424 1.536867 0.811915 0.778665 2.185153 1.721913 1.415610 1.289728 1.602850 1.135957 1.309422 1.031841 1.559607 0.691810 1.168861 1.185012 1.511511 1.083166 1.538008 1.275333
14 0.601975 0.951215 0.823532 0.501610 0.606958 1.023704 1.186086 0.663098 0.597178 1.182881 1.188211 0.476282 0.814277 0.853759 1.045096 0.719805 0.787314 1.145419 0.912272 0.910331 1.002961 0.938652 0.381976 0.861314 1.091557 0.947020 0.594243 0.492544 0.645894 0.656351 0.764724 0.632369 0.980185 0.964088 0.825493 0.736030 0.859114 0.957164 1.137669 0.720268 0.979894 1.159922 0.774930 0.551185 0.469162 0.829697 0.300791 1.325690 0.660005 0.960449 0.600215 0.865643 0.457964 1.004638 1.013331 1.222560 0.813069 1.194580 0.208625 0.773266 0.391393 0.424366 1.202363 0.395508 0.858909 0.742915 0.597373 0.859120 0.738421 1.072578 0.949773 1.084011 1.037006 0.459659 0.239441 0.814928 1.222950 0.485144 0.958628 0.761414 0.385101 0.312470 0.366638 0.553522 0.922299 1.239516 1.293000 0.380803 0.846321 1.229562 0.366895 1.142328 0.791074 0.829208 0.460906 0.654390 0.302567 0.836392 0.911257 0.573276 0.590897 0.452447 0.418242 0.769671 0.772744 0.625562 0.693428 0.390306 1.032453 0.354700 0.883599 0.759267 0.690919 0.968848 0.833076 0.446500 0.764036 0.912004 1.194329 1.091535 0.797389 1.116570 0.400676 0.796135 0.905723 0.624429 0.485592 0.917347 0.646706 0.863105 0.564267 0.275081 0.588488 0.771659 0.279037 1.133222 0.603408 0.845728 0.347575 0.301149 0.583790 0.918127 1.041449 0.709248 0.620249 1.009413 0.428337 1.138641 0.422902 1.024323 0.644151 0.730516 0.530771 1.172515 0.452456 0.655888 1.135038 0.992633 0.625827 0.741572 0.877101 1.017026 0.429427 0.363568 0.783860 0.808389 0.791765 0.658794 1.198873 0.455508 0.796019 0.830847 0.588347 0.774756 0.714476 0.781098 0.705139 0.667531 1.150795 0.752645
15 0.542030 1.047597 1.181016 1.003408 1.328135 1.517191 1.425271 0.665951 1.305596 1.648261 1.486057 0.899543 1.237383 1.045096 1.971319 1.261794 1.405936 1.872711 1.651292 1.373048 0.958412 1.070548 0.488317 1.346321 1.572761 1.110433 0.742710 0.792133 0.827583 0.977966 0.847057 0.943554 1.725941 1.849176 1.704847 1.240339 1.299072 1.601713 1.634533 1.130433 1.892607 1.735147 1.260908 1.390449 0.716241 1.015486 0.270838 1.990724 0.692068 1.443972 1.177114 1.523026 0.894878 1.386666 1.573927 1.925548 0.797159 1.398663 0.283170 1.570629 0.665790 0.500324 2.142699 0.909686 0.899962 1.200719 1.242447 0.839531 1.404436 1.389335 1.203382 2.052801 1.319507 0.784293 0.271936 1.493788 1.542739 1.210968 1.612893 1.278445 0.645996 0.598065 0.731274 1.036574 1.314090 1.470203 1.868999 0.767205 1.367403 1.220906 0.448489 1.969644 1.218214 1.095315 1.158976 0.675196 0.478154 1.161252 1.459535 1.127814 1.303396 0.702262 0.983045 1.047791 1.145785 1.080463 0.996938 0.595239 1.843376 0.223725 1.278245 1.004308 1.158416 1.032794 1.362148 0.879640 1.349161 1.111095 1.272503 1.552054 1.096046 1.485681 1.281574 1.285591 0.953338 1.484656 0.833879 1.461013 1.333963 1.214542 0.715651 0.207269 1.168079 1.230468 1.015058 1.478348 1.217167 1.051420 0.657809 0.289166 0.848112 1.153976 1.611765 0.944680 0.973677 1.211384 0.384479 1.452144 0.759076 1.175036 1.378311 0.815673 1.083399 2.037079 0.355181 0.861042 1.156473 1.675935 0.499101 1.057761 1.074254 1.613788 0.601659 0.695781 1.387138 1.093525 0.749175 0.630800 1.530591 0.733382 0.954502 0.850992 1.280111 1.252811 1.086489 1.399175 1.038371 0.713223 1.700504 1.131607
16 0.450209 0.790447 0.790270 0.727776 0.917082 1.062994 1.048908 0.570582 0.870434 1.137095 1.062121 0.611984 0.934191 0.719805 1.261794 0.829583 0.968996 1.262167 1.070904 0.922447 0.735945 0.765170 0.386024 0.939470 1.075557 0.753030 0.542115 0.557066 0.652570 0.680253 0.636896 0.617775 1.148925 1.205688 1.101057 0.934794 0.928654 1.141778 1.146265 0.878694 1.233110 1.194232 0.923984 0.903741 0.485554 0.733641 0.237863 1.404496 0.548723 0.944593 0.762053 0.964655 0.605974 0.927306 1.131231 1.311842 0.645371 1.029460 0.235807 0.992876 0.514529 0.415310 1.434199 0.588784 0.674675 0.895059 0.852833 0.650298 0.927961 1.001982 0.890803 1.337639 0.971794 0.604289 0.200099 0.974538 1.088148 0.804898 1.129470 0.898744 0.413097 0.449918 0.541858 0.753454 0.929433 1.063874 1.301652 0.548937 0.972395 0.919358 0.356749 1.301868 0.891170 0.714198 0.774964 0.487096 0.356815 0.856286 0.994543 0.734274 0.834339 0.536257 0.654574 0.711339 0.799130 0.765632 0.702296 0.470922 1.213073 0.247210 0.899791 0.744095 0.816981 0.784220 0.962960 0.627430 0.873986 0.849120 0.932327 1.105953 0.829099 1.026230 0.838672 0.901855 0.720935 0.950477 0.578960 1.009549 0.937212 0.871565 0.573773 0.204493 0.755072 0.853365 0.652199 1.028122 0.813444 0.768456 0.453169 0.269081 0.585834 0.865053 1.148083 0.697024 0.669831 0.906989 0.350709 1.057133 0.519506 0.859861 0.922979 0.596118 0.762379 1.351331 0.316740 0.595724 0.876602 1.161921 0.448897 0.788704 0.737849 1.117616 0.442365 0.485036 1.028424 0.842193 0.619345 0.519826 1.075379 0.536274 0.691469 0.643135 0.877695 0.800892 0.765718 0.937246 0.784451 0.566781 1.175463 0.792779
17 0.752792 1.085886 0.879715 1.212825 1.377895 1.527652 1.589830 1.174013 1.144288 1.573417 1.481807 1.049108 1.536031 0.787314 1.405936 0.968996 1.378575 1.478276 1.342008 1.249617 0.951765 0.966633 0.759589 1.226201 1.396368 0.839748 0.720003 0.721920 1.190437 0.830468 0.982231 0.784852 1.420644 1.458460 1.431030 1.493005 1.281636 1.789844 1.411608 1.625222 1.664663 1.575930 1.427273 1.295128 0.812011 0.956505 0.431207 1.905509 0.765998 1.094843 1.033832 1.022259 0.761975 1.047948 1.658960 1.798743 0.968165 1.379911 0.511630 1.095600 0.907877 0.862058 1.953510 0.834312 0.938138 1.498382 1.238340 0.990798 1.143767 1.373673 1.207738 1.720872 1.240557 1.044517 0.321762 1.219975 1.336564 1.309745 1.672662 1.271468 0.513621 0.859017 0.921818 1.307932 1.204202 1.502054 1.744607 1.021109 1.345683 1.260520 0.746547 1.655122 1.344432 0.785432 1.166067 0.536625 0.685293 1.134939 1.287833 1.019805 0.947648 0.790774 0.840133 1.043540 1.202128 1.203944 0.986030 0.769975 1.639797 0.539844 1.340274 0.978473 1.104380 1.200858 1.262246 0.969453 1.212028 1.225861 1.261615 1.516588 1.245016 1.364193 1.384334 1.314056 1.145237 1.293495 0.828291 1.300547 1.551174 1.132893 0.916581 0.374238 1.073161 1.103002 0.947072 1.437212 1.137137 1.168842 0.693975 0.635465 0.771856 1.405096 1.521117 0.940090 0.964081 1.408615 0.700124 1.418977 0.727906 1.034630 1.223562 0.719940 1.175468 1.764834 0.545119 0.924136 1.203223 1.589318 0.824057 1.324747 0.968845 1.390549 0.660311 0.678489 1.734966 1.309470 1.019970 0.946550 1.438879 0.928285 1.113712 0.820609 1.386110 0.832735 1.019338 1.151479 1.169700 0.793205 1.414109 1.126363
18 0.756619 1.320742 1.220868 1.141600 1.411307 1.601435 1.609399 0.898593 1.342568 1.663808 1.627538 0.799269 1.519500 1.145419 1.872711 1.262167 1.478276 1.998438 1.527764 1.310093 1.258239 1.206164 0.576507 1.502913 1.616004 1.129471 0.893433 0.915091 1.031885 1.106385 0.987643 0.851205 1.749018 1.801212 1.566772 1.576425 1.504658 1.738549 1.872302 1.400001 1.727397 1.822203 1.496396 1.275946 0.605665 1.188423 0.417853 2.231028 0.984331 1.370897 1.050229 1.405635 0.970776 1.405058 1.799874 1.935776 1.134596 1.686937 0.363015 1.458599 0.852591 0.638950 2.098072 0.814786 1.088607 1.420594 1.311902 1.039461 1.413983 1.597693 1.499023 1.921998 1.671413 1.010640 0.289473 1.416332 1.741633 1.094246 1.718761 1.418167 0.559401 0.680359 0.874148 1.138442 1.502935 1.637987 2.004479 0.767640 1.579080 1.483218 0.503794 1.909316 1.442560 1.015721 1.133668 0.810590 0.506759 1.479086 1.524484 1.012044 1.266679 0.955541 1.032789 0.954074 1.156047 1.156081 1.078212 0.838049 1.710121 0.480713 1.330474 1.287729 1.331581 1.232748 1.595076 0.997606 1.158665 1.454053 1.462486 1.760371 1.401353 1.522881 1.126672 1.379192 1.091641 1.321541 0.887305 1.599032 1.387257 1.445661 1.020410 0.405140 1.007119 1.360425 0.935167 1.494882 1.198101 1.170166 0.666420 0.427721 0.895362 1.335305 1.897990 1.183162 0.980268 1.420857 0.611486 1.732133 0.788220 1.461737 1.425588 1.001219 1.187300 1.972078 0.566587 0.796594 1.444703 1.816538 0.784312 1.214727 1.060149 1.809872 0.712560 0.776885 1.635252 1.437056 1.058200 0.826406 1.634380 0.796872 0.979955 1.096331 1.283868 1.180149 1.230045 1.457895 1.348176 1.024554 1.896253 1.207046
19 0.657764 1.013920 1.023028 1.009208 1.233068 1.572436 1.612344 0.995272 1.095524 1.763956 1.569956 1.135780 1.265632 0.912272 1.651292 1.070904 1.342008 1.527764 1.578976 1.461616 0.915680 1.061556 0.680684 1.176412 1.547840 1.090712 0.680796 0.650576 1.016040 0.808384 0.987732 1.003804 1.512764 1.601128 1.611236 1.127480 1.169120 1.676788 1.367580 1.305092 1.898096 1.667104 1.206456 1.347572 0.971012 0.954964 0.328492 1.832632 0.603580 1.373164 1.200544 1.303720 0.705544 1.265756 1.509996 1.947324 0.792360 1.339292 0.412072 1.299044 0.680180 0.729488 2.100136 0.913224 0.949536 1.266500 1.139552 0.983912 1.197632 1.353168 1.071672 1.950840 1.075984 0.773824 0.349000 1.389556 1.407324 1.338808 1.618108 1.179292 0.666828 0.716848 0.719800 1.151084 1.161156 1.587708 1.812048 0.959648 1.200024 1.308276 0.701180 1.861800 1.166024 1.090024 1.115480 0.592740 0.642880 0.928568 1.344752 1.165992 1.017652 0.546544 0.765948 1.279380 1.284128 1.135228 1.002604 0.515040 1.877508 0.328340 1.399464 0.811776 0.980348 1.196372 1.103664 0.818000 1.490332 1.020188 1.364092 1.463364 1.012436 1.550604 1.385500 1.282784 1.190668 1.433604 0.803460 1.277960 1.424956 1.032928 0.652176 0.218296 1.263064 1.066780 0.910520 1.641088 1.162308 1.188332 0.682400 0.497808 0.820552 1.339076 1.347856 0.807180 1.027372 1.358316 0.516504 1.342836 0.721244 0.989676 1.167600 0.714272 1.027312 1.965212 0.427396 1.103528 1.185960 1.528312 0.653760 1.209532 1.192152 1.329520 0.594980 0.596576 1.430236 1.027896 0.856300 0.856704 1.579784 0.862608 1.226860 0.782532 1.320088 1.075548 0.965116 1.174572 0.900128 0.606680 1.417664 1.142452
20 0.821819 1.106969 0.957101 0.947459 1.072177 1.608640 1.810994 1.261933 0.875900 1.859256 1.698268 1.205702 1.283304 0.910331 1.373048 0.922447 1.249617 1.310093 1.461616 1.504350 1.050172 1.152603 0.806001 1.077611 1.554013 1.165838 0.693150 0.565794 1.157753 0.725569 1.146363 1.034409 1.333351 1.361664 1.432349 1.040393 1.104266 1.674336 1.254943 1.389162 1.782007 1.635694 1.157507 1.169055 1.097345 0.990602 0.411366 1.756455 0.646371 1.334060 1.134357 1.126056 0.552627 1.236612 1.468133 1.934385 0.913730 1.423283 0.489197 1.043590 0.671014 0.889244 1.984973 0.826620 1.086177 1.282903 0.993685 1.186624 1.009882 1.399837 1.071325 1.778755 1.023021 0.748372 0.413325 1.259861 1.421942 1.270781 1.576158 1.094434 0.657018 0.745453 0.668132 1.157088 1.105713 1.759442 1.805581 1.006332 1.092028 1.530584 0.861688 1.734942 1.136214 1.126098 0.965005 0.637057 0.722634 0.841423 1.261878 1.110153 0.754925 0.465739 0.557679 1.426705 1.360170 1.127070 1.019624 0.476931 1.812014 0.473240 1.476921 0.755838 0.859207 1.401284 0.944898 0.731905 1.503852 1.051905 1.558310 1.446167 1.004205 1.637251 1.250296 1.259071 1.428168 1.253928 0.760439 1.163542 1.374620 0.966552 0.662664 0.285027 1.230851 0.965433 0.691787 1.786830 1.048541 1.321916 0.658338 0.654032 0.815166 1.500919 1.204838 0.774484 1.043868 1.522748 0.661213 1.363222 0.668502 0.999477 0.947305 0.742866 0.922703 1.850895 0.558511 1.261576 1.357735 1.404591 0.861248 1.307435 1.319168 1.163139 0.606024 0.506227 1.401512 1.035143 1.039445 1.076556 1.681360 0.917821 1.434531 0.861152 1.232821 0.957283 0.901922 0.997701 0.841607 0.637884 1.283122 1.149546
21 0.949017 1.324587 0.903973 0.719191 0.740209 1.296660 1.640034 1.156213 0.622592 1.449662 1.547942 0.598958 1.219358 1.002961 0.958412 0.735945 0.951765 1.258239 0.915680 1.050172 1.399206 1.199715 0.628797 1.050635 1.292283 1.098130 0.789156 0.607166 1.037433 0.785215 1.086415 0.684251 1.048941 0.950384 0.794995 1.102505 1.113646 1.283508 1.388125 1.181086 1.003607 1.389350 1.087543 0.528645 0.586673 1.081500 0.510324 1.671627 0.975381 1.010438 0.603027 0.783646 0.501987 1.113656 1.349383 1.444929 1.237384 1.606511 0.385999 0.657414 0.635192 0.742968 1.342815 0.384300 1.186427 1.102649 0.710187 1.247940 0.760364 1.409845 1.293383 1.096285 1.383373 0.737166 0.334615 0.826405 1.518726 0.542525 1.218418 0.960874 0.382284 0.507845 0.554984 0.805644 1.156775 1.647550 1.592385 0.555622 1.086010 1.698564 0.614394 1.220062 1.095506 0.884070 0.501825 0.829165 0.470008 1.129311 1.057012 0.589785 0.506327 0.670473 0.420799 0.934971 0.984006 0.830406 0.881816 0.630331 1.106048 0.695548 1.140555 1.029500 0.865085 1.386988 1.039706 0.598041 0.798896 1.314237 1.597108 1.406469 1.155303 1.362259 0.401944 1.011545 1.298958 0.564522 0.599099 1.092416 0.861156 1.110202 0.894186 0.500089 0.598423 0.926183 0.210501 1.416282 0.662353 1.160956 0.429380 0.587530 0.705386 1.328701 1.325580 0.961508 0.757970 1.436910 0.770523 1.510112 0.500562 1.338035 0.686275 0.953510 0.688481 1.271537 0.749211 0.834976 1.582319 1.204893 1.060426 1.087615 1.065210 1.204919 0.595114 0.445503 1.166904 1.212341 1.248555 1.059152 1.507534 0.660509 1.092953 1.139574 0.720823 0.738287 0.893974 0.842845 1.024105 0.991726 1.357616 0.949520
22 0.827237 1.159743 0.892132 0.693123 0.756619 1.307470 1.580569 1.065188 0.646933 1.507711 1.504577 0.745622 1.098610 0.938652 1.070548 0.765170 0.966633 1.206164 1.061556 1.152603 1.199715 1.126542 0.616999 0.980999 1.313145 1.097601 0.702102 0.542535 0.962092 0.714452 1.029535 0.783463 1.083540 1.039030 0.963366 0.936244 1.015440 1.283924 1.253448 1.090634 1.207592 1.387443 0.989351 0.687682 0.721723 0.984342 0.425318 1.571963 0.784031 1.095392 0.748916 0.892569 0.474635 1.122753 1.262990 1.518966 1.025666 1.439779 0.366160 0.771732 0.554666 0.702710 1.467963 0.501252 1.080242 1.030226 0.724671 1.143069 0.796061 1.309362 1.117684 1.268091 1.158402 0.634222 0.339006 0.932572 1.407448 0.717455 1.227444 0.917270 0.467010 0.509352 0.507746 0.816697 1.058939 1.585430 1.562276 0.630278 0.987744 1.545907 0.629451 1.331080 0.997368 0.958511 0.590421 0.732606 0.498513 0.932877 1.059104 0.728817 0.563615 0.518842 0.420199 1.058084 1.040215 0.843968 0.865667 0.492292 1.282932 0.539184 1.170501 0.851387 0.782933 1.294521 0.914822 0.565473 1.002502 1.110193 1.499485 1.314457 0.987709 1.387899 0.615011 1.008047 1.254224 0.753798 0.600441 1.038566 0.921570 0.977625 0.713988 0.372345 0.776944 0.871087 0.327806 1.467356 0.734543 1.130901 0.463044 0.534233 0.700438 1.271683 1.171254 0.818689 0.801205 1.352128 0.646709 1.353604 0.514333 1.146455 0.707061 0.830691 0.679055 1.395468 0.618703 0.934072 1.408660 1.171367 0.894074 1.050469 1.111447 1.105225 0.544871 0.417684 1.090719 1.022817 1.069140 0.970202 1.485364 0.673411 1.136071 0.977572 0.803867 0.806119 0.827500 0.839923 0.849543 0.787466 1.252043 0.946375
23 0.625400 0.699671 0.387785 0.739531 0.720762 0.975937 1.178975 1.073768 0.466172 1.049516 1.006286 0.803437 1.000144 0.381976 0.488317 0.386024 0.759589 0.576507 0.680684 0.806001 0.628797 0.616999 0.652914 0.602278 0.817677 0.502987 0.413781 0.322155 0.935080 0.365648 0.762988 0.498748 0.633417 0.597652 0.698653 0.849580 0.686184 1.149983 0.649581 1.182797 0.924718 0.890647 0.843375 0.664337 0.688764 0.565347 0.354233 1.038123 0.459128 0.565379 0.586160 0.361085 0.280971 0.520706 0.972359 1.081201 0.674418 0.854430 0.442214 0.345715 0.589303 0.762566 1.084913 0.454706 0.669778 0.993417 0.632275 0.794847 0.469643 0.842380 0.676638 0.866729 0.607092 0.655488 0.271124 0.590553 0.731297 0.834959 1.008409 0.685135 0.298569 0.628938 0.556904 0.890374 0.620322 1.061307 1.016218 0.769376 0.685448 0.927606 0.694202 0.849738 0.798078 0.450781 0.614369 0.292755 0.562587 0.537529 0.665686 0.594621 0.262326 0.382246 0.286118 0.815947 0.842247 0.771689 0.610564 0.437982 0.952029 0.495699 0.920195 0.476509 0.522234 0.935048 0.556126 0.531203 0.789959 0.738320 0.908572 0.869996 0.737596 0.887966 0.835576 0.791219 0.954719 0.645451 0.467970 0.627866 0.991263 0.562259 0.563602 0.291027 0.666880 0.527680 0.407516 1.018572 0.598124 0.859582 0.426730 0.611199 0.444220 1.058862 0.720812 0.493026 0.618868 1.037403 0.605611 0.820841 0.394818 0.531548 0.514769 0.393851 0.650039 0.945333 0.459248 0.763198 0.841484 0.825553 0.724996 0.964160 0.694131 0.601211 0.413300 0.319522 1.111188 0.802475 0.802625 0.836966 0.938248 0.680197 0.931400 0.505117 0.832805 0.306658 0.524057 0.473714 0.638579 0.462422 0.623637 0.694112
