Resultados de la SVM:

w = [4.607432, 3.953014, 4.810140, 4.575938, ];

gamma = -9.014264;

s = [0.000000, 0.806443, 0.000000, 1.051930, 0.065341, 0.000000, 0.000000, 0.000000, 0.000000, 0.000000, 0.000000, 0.142922, 0.000000, 0.000000, 0.040360, 0.000000, 0.000000, 0.000000, 0.056224, 0.099930, 1.557888, 1.789226, 0.000000, 0.655269, 0.000000, 0.000000, 0.000000, 0.000000, 0.197897, 0.000000, 0.418106, 3.760739, 0.000000, 0.000000, 0.000000, 0.000000, 0.097705, 0.000000, 0.000000, 0.000000, 0.000000, 0.000000, 0.000000, 0.925325, 0.000000, 0.000000, 0.000000, 0.000000, 0.000000, 0.525286, 0.000000, 0.000000, 0.000000, 0.331748, 0.000000, 0.000000, 0.374784, 0.000000, 0.000000, 0.000000, 0.000000, 0.000000, 0.000000, 0.000000, 0.140285, 0.000000, 0.963991, 0.767162, 0.209336, 0.000000, 1.750738, 0.000000, 0.083038, 0.000000, 0.000000, 1.030862, 0.000000, 0.480879, 0.000000, 0.379273, 0.000000, 0.000000, 0.000000, 0.000000, 0.579179, 0.000000, 0.000000, 0.000000, 0.000000, 0.000000, 0.000000, 0.000000, 0.000000, 0.000000, 0.234196, 0.000000, 0.000000, 0.829952, 0.179478, 0.000000, 0.000000, 0.000000, 0.000000, 0.644969, 1.612876, 1.242553, 0.000000, 0.000000, 4.375851, 5.092057, 0.000000, 0.000000, 0.248827, 0.000000, 0.578481, 0.000000, 0.702137, 0.000000, 0.000000, 0.000000, 0.135526, 0.000000, 0.288988, 0.000000, 0.000000, 1.086018, 0.000000, 0.140619, 0.000000, 0.847527, 2.640831, 0.000000, 0.000000, 0.348343, 0.000000, 0.000000, 0.288120, 0.272540, 4.786444, 0.000000, 0.000000, 0.000000, 0.000000, 0.000000, 0.000000, 0.000000, 0.000000, 0.000000, 0.000000, 0.598170, 0.613018, 0.000000, 0.627416, 0.000000, 0.000000, 0.000000, 0.000000, 0.000000, 0.000000, 0.000000, 0.188309, 0.000000, 0.000000, 0.000000, 0.000000, 0.000000, 0.930819, 0.330725, 0.000000, 0.000000, 0.517358, 2.897804, 0.000000, 0.000000, 0.000000, 0.379188, 1.062393, 0.000000, 0.000000, 0.849877, ];
